(theory ("boundScan" ("hol" . "020d24aafb37ccab2852361b15b1b8eb9befeec5"))
 (core-data
  (tables
   (string-table "list" "num" "bool" "!" "min" "fun" "arithmetic" "*" "+"
    "-" "/\\" "0" "<=" "=" "option" "BIT1" "BIT2" "COND" "CONS" "EL"
    "LENGTH" "MOD" "NIL" "NONE" "NUMERAL" "SOME" "SUC" "ZERO" "boundScan"
    "arena" "scanFrom" "step" "vec_4_10" "vec_16_1" "vec_16_0" "vec_14_2"
    "vec_10_8" "vec_0_3" "vec_0_17" "vec_0_16" "step_def" "scanFrom_def"
    "scanFrom_compute" "boundScan_def" "arena_def" "numeral" "reduce" ""
    "Users" "ember" "dev" "DreggNet" "docs" "engine" "probes" "compiler"
    "hol" "boundScanScript.sml" "prim_rec" "==>")
   (id-table (0 . 0) (1 . 1) (2 . 3) (4 . 5) (4 . 2) (6 . 7) (6 . 8)
    (6 . 9) (2 . 10) (1 . 11) (6 . 12) (4 . 13) (14 . 14) (6 . 15) (6 . 16)
    (2 . 17) (0 . 18) (0 . 19) (0 . 20) (6 . 21) (0 . 22) (14 . 23)
    (6 . 24) (14 . 25) (1 . 26) (6 . 27) (28 . 29) (28 . 28) (28 . 30)
    (28 . 31) (4 . 59))
   (type-table (1) (0 0) (4) (3 1 2) (3 3 2) (3 0 2) (3 5 2) (3 0 0)
    (3 0 7) (3 2 2) (3 2 9) (3 0 5) (3 1 3) (12 0) (3 13 2) (3 13 14)
    (3 13 13) (3 13 16) (3 2 17) (3 1 1) (3 0 19) (3 1 0) (3 0 21) (3 0 13)
    (3 0 23) (3 1 24) (3 0 8) (3 1 26) (3 0 11) (3 1 28) (3 29 2) (3 30 2))
   (term-table ("a" 1) ("acc" 0) ("b" 0) ("len" 0) ("n" 0) ("off" 0) (2 4)
    (2 6) (5 8) (6 8) (7 8) (8 10) (9 0) (10 11) (11 12) (11 11) (11 15)
    (13 7) (14 7) (15 18) (16 20) (17 22) (18 21) (19 8) (20 1) (21 13)
    (22 7) (23 23) (24 7) (25 0) (26 1) (27 25) (28 27) (29 8) ("P" 29)
    (2 31) (30 10))) exports (nil) (nil)
  ((32
    (((28 7) (6 21) (2 8 14 25 50 54 56 63 149) (28 0 2 3 4)
      (0 18 25 163 164) (45 0 3 5 6 7 8 9 15 16 17 21 32 34 35 39 40 41)
      (46 2)) "DISK_THM") (2 0 1 52 47 48 49 50 51 52 53 54 55 56 57)
    ("%30%29U17U18U26B31%29U17U18U18U26@%29U17U18U18U18U18U18U17U17U17U18U18U18U18U17U17U17U18U18U18U18U18U18U18U26U27B16"))
   (33
    (((28 10) (2 14 25 54 56 149) (28 3 4) (0 25) (45 0 3 5 8)) "DISK_THM")
    (2 0 1 70 47 48 49 50 51 52 53 54 55 56 57)
    ("%30%29U17U17U17U18U26B31%29U17U26@%25B16"))
   (34 (((28 12) (2 14 25 56 149) (28 2 3 4) (0 25) (45 0 3 8)) "DISK_THM")
    (2 0 1 82 47 48 49 50 51 52 53 54 55 56 57)
    ("%30%29U17U17U17U18U26B31%12@%12U27B16"))
   (35
    (((28 8) (6 21) (2 14 25 50 54 56 149) (28 0 2 3 4) (0 18 25 163 164)
      (45 0 3 5 7 8 9 16 17 40 41) (46 2)) "DISK_THM")
    (2 0 1 58 47 48 49 50 51 52 53 54 55 56 57)
    ("%30%29U18U18U18U26B31%29U18U26@%29U18U17U17U18U18U18U18U17U26U27B16"))
   (36
    (((28 11) (2 14 25 54 56 149) (28 3 4) (0 25) (45 0 3 5 8)) "DISK_THM")
    (2 0 1 76 47 48 49 50 51 52 53 54 55 56 57)
    ("%30%29U17U18U18U26B31%29U17U17U18U26@%25B16"))
   (37
    (((28 6) (6 21) (2 8 14 25 50 54 56 63 149) (28 0 2 3 4)
      (0 18 25 163 164) (45 0 3 5 7 8 9 15 16 17 21 34 35 40 41) (46 2))
     "DISK_THM") (2 0 1 46 47 48 49 50 51 52 53 54 55 56 57)
    ("%30%12B31%29U17U17U26@%29U17U17U17U18U17U17U18U18U17U17U18U18U17U18U18U18U26U27B16"))
   (38 (((28 9) (2 14 25 54 56 149) (28 3 4) (0 25) (45 0 3 8)) "DISK_THM")
    (2 0 1 64 47 48 49 50 51 52 53 54 55 56 57)
    ("%30%12B31%29U17U17U18U17U26@%25B16"))
   (39
    (((28 5) (6 21) (2 8 14 25 50 54 56 63 149) (28 0 2 3 4)
      (0 18 25 163 164) (45 0 3 4 5 6 7 8 9 15 16 17 21 32 34 35 39 40 41)
      (46 2)) "DISK_THM") (2 0 1 40 47 48 49 50 51 52 53 54 55 56 57)
    ("%30%12B31%29U17U17U17U18U26@%29U18U18U17U17U17U17U17U17U17U18U18U18U17U18U18U17U18U17U17U17U18U18U17U26U27B16"))
   (40 (((28 0))) (1 0 1 19 47 48 49 50 51 52 53 54 55 56 57)
    ("%1%2$1$0B33$1%29U17U17U17U17U17U26B8$0B9%29U17U17U17U17U17U17U17U17U17U17U17U17U17U17U17U17U17U17U17U17U17U17U17U18U26B23B15|U7|U7"))
   (41 (((28 1) (58 38)) "DISK_THM")
    (1 0 1 23 47 48 49 50 51 52 53 54 55 56 57)
    ("%0%5%1$2$1B32%12@$0@$0B15|U7|U7|U6%0%5%4%1$3$2B32$1U28@$0@$3$2%29U17U26B9B32$1@$0$2$3B21B33@B15|U7|U7|U7|U6B11"))
   (42 (((28 2) (6 329) (2 26) (28 1)) "DISK_THM") (2 0)
    ("%0%5%1$2$1B32%12@$0@$0B15|U7|U7|U6%0%5%4%1$3$2B32$1U17U26@$0@$3$2%29U17U26B9B32$1U17U26%29U17U26B10@$0$2$3B21B33@B15|U7|U7|U7|U6%0%5%4%1$3$2B32$1U18U26@$0@$3$2%29U17U26B9B32$1U17U26@$0$2$3B21B33@B15|U7|U7|U7|U6B11B11"))
   (43 (((28 3))) (1 0 1 28 47 48 49 50 51 52 53 54 55 56 57)
    ("%0%5%3$2$1B31$0@$1$0B9$2U22B13$2$1B32$0@%12@U27B19%25@B16|U7|U7|U6"))
   (44 (((28 4))) (1 0 1 34 47 48 49 50 51 52 53 54 55 56 57)
    ("%30%29U17U17U18U17U17U17U26%29U17U17U17U18U18U17U26%29U17U18U17U18U17U18U26%29U17U17U17U17U18U26%29U18U17U17U17U17U26%29U17U17U17U17U18U26%29U17U17U18U17U17U18U26%29U17U18U17U18U17U18U26%29U17U18U17U18U17U18U26%29U17U18U17U17U17U18U26%29U18U17U17U17U17U26%29U18U17U17U18U17U26%29U17U18U18U18U18U26%29U18U17U17U18U17U26%29U18U18U17U26%29U17U18U18U26%24B20B20B20B20B20B20B20B20B20B20B20B20B20B20B20B20B14"))))
 (incorporate (incorporate-types) incorporate-consts ("step" . 8)
  ("scanFrom" . 27) ("boundScan" . 25) ("arena" . 1))
 (loadable-thydata
  ("userdef.deltas" (tag-knm 28 . 40) (tag-knm 28 . 40) (tag-knm 28 . 41)
   (tag-knm 28 . 41) (tag-knm 28 . 43) (tag-knm 28 . 43) (tag-knm 28 . 44)
   (tag-knm 28 . 44))
  ("grammardelta" (OO "step" (tag-tm . "%33"))
   (OO "scanFrom" (tag-tm . "%32")) (OO "boundScan" (tag-tm . "%31"))
   (OO "arena" (tag-tm . "%30")))
  ("compute" (tag-knm 28 . 40) (tag-knm 28 . 41) (tag-knm 28 . 42)
   (tag-knm 28 . 43) (tag-knm 28 . 44))
  ("DefnBase.indn.deltas"
   ((tag-th ("boundScan" 13 (("bool" 26) ("num" 9)) ("DISK_THM"))
     ("%34%0%5%1$2$1b3%12@$0@|U7|U7|U6%4%0%5%1%0%5%1$2$1b7$6@$0@|U7|U7|U6$2$1b4$3U28@$0@B36|U7|U7|U6|U7B11%0%5%4%1$3$2b4$1@$0@|U7|U7|U7|U6B36|U35")
     "boundScan" 0) (tag-tm . "%32")))))
