(theory
 ("machineLoopLinkA"
  ("machineStepLinkA" . "b64e3d2739b9127cfd41e25fdcf45bdeaaa528b1"))
 (core-data
  (tables
   (string-table "fcp" "cart" "bit0" "one" "min" "bool" "num" "list"
    "panSem" "state" "panLang" "prog" "!" "fun" "arithmetic" "+" "pair" ","
    "prod" "option" "result" "-" "/\\" "0" "prim_rec" "<" "<=" "=" "v"
    "==>" "?" "asm" "Add" "binop" "Assign" "exp" "mlstring" "varkind"
    "BIT1" "BIT2" "string" "CHR" "char" "COND" "CONS" "Cmp" "cmp" "Const"
    "DROP" "EL" "EVERY" "EXP" "finite_map" "FLOOKUP" "fmap" "FOLDL"
    "combin" "K" "LENGTH" "Less" "LoadByte" "Local" "NIL" "NONE" "NUMERAL"
    "Op" "SOME" "SUC" "Seq" "Val" "word_lab" "Var" "While" "Word" "ZERO"
    "eval" "evaluate" "fix_clock" "implode" "machineLoopLinkA" "loopBody"
    "loopInv" "machineLoop" "memRel" "mem_load_byte" "machineStepLinkA"
    "mstep" "words" "n2w" "recordtype.state.seldef.be"
    "recordtype.state.seldef.clock" "recordtype.state.seldef.clock_fupd"
    "recordtype.state.seldef.locals" "recordtype.state.seldef.memaddrs"
    "recordtype.state.seldef.memory" "stepBody" "w2w" "word_add" "~"
    "w2w_byte" "memRel_def" "machineLoop_unfold" "machineLoop_refines_run"
    "machineLoop_fold_bounded" "machineLoop_def" "loopInv_def"
    "loopInv_clock" "loopBody_def" "fix_clock_id" "evaluate_loopBody"
    "eval_loop_guard" "eval_loadbyte" "Seq_NONE" "DROP_EL_CONS_local" ""
    "Users" "ember" "dev" "DreggNet" "docs" "engine" "probes" "compiler"
    "hol-c3" "machineLoopLinkAScript.sml" "numeral" "cv" "sat" "marker"
    "wordLang")
   (id-table (0 . 1) (0 . 2) (3 . 3) (4 . 5) (6 . 6) (7 . 7) (8 . 9)
    (10 . 11) (5 . 12) (4 . 13) (14 . 15) (16 . 17) (16 . 18) (19 . 19)
    (8 . 20) (14 . 21) (5 . 22) (6 . 23) (24 . 25) (14 . 26) (4 . 27)
    (8 . 28) (4 . 29) (5 . 30) (31 . 32) (31 . 33) (10 . 34) (10 . 35)
    (36 . 36) (10 . 37) (14 . 38) (14 . 39) (40 . 41) (40 . 42) (5 . 43)
    (7 . 44) (10 . 45) (31 . 46) (10 . 47) (7 . 48) (7 . 49) (7 . 50)
    (14 . 51) (52 . 53) (52 . 54) (7 . 55) (56 . 57) (7 . 58) (31 . 59)
    (10 . 60) (10 . 61) (7 . 62) (19 . 63) (14 . 64) (10 . 65) (19 . 66)
    (6 . 67) (10 . 68) (8 . 69) (8 . 70) (10 . 71) (10 . 72) (8 . 73)
    (14 . 74) (8 . 75) (8 . 76) (8 . 77) (36 . 78) (79 . 80) (79 . 81)
    (79 . 82) (79 . 83) (8 . 84) (85 . 86) (87 . 88) (8 . 89) (8 . 90)
    (8 . 91) (8 . 92) (8 . 93) (8 . 94) (85 . 95) (87 . 96) (87 . 97)
    (5 . 98))
   (type-table (2) (1 0) (1 1) (1 2) (1 3) (1 4) (1 5) (3) (0 7 6) (4)
    (5 9) "'a" (5 11) "'e" "'d" (6 14 13) "'b" (6 11 16) (7 11) "'c"
    (6 6 11) "'ffi" (6 6 21) (9 19 7) (9 23 7) (9 8 7) (9 25 7) (9 12 7)
    (9 27 7) (9 10 7) (9 29 7) (9 9 7) (9 31 7) (9 18 7) (9 33 7) (9 17 7)
    (9 35 7) (9 15 7) (9 37 7) (9 20 7) (9 39 7) (9 22 7) (9 41 7) (9 9 9)
    (9 9 43) (12 19 15) (9 15 45) (9 19 46) (14 11) (13 48) (12 49 17)
    (9 17 50) (9 49 51) (14 6) (13 53) (12 54 20) (9 20 55) (9 54 56)
    (12 18 17) (9 17 58) (9 18 59) (7 6) (12 61 20) (9 20 62) (9 61 63)
    (9 7 7) (9 7 65) (9 9 31) (9 8 25) (9 12 27) (0 7 3) (13 70) (9 71 7)
    (9 71 72) (21 6) (13 74) (9 75 7) (9 75 76) (9 45 7) (9 45 78) (9 50 7)
    (9 50 80) (9 55 7) (9 55 82) (9 61 7) (9 61 84) (25) (27 6) (9 87 61)
    (28) (9 89 88) (29) (9 91 90) (33) (9 9 93) (9 8 8) (9 8 95) (9 7 96)
    (9 12 12) (9 11 98) (5 93) (9 100 100) (9 93 101) (5 87) (9 103 103)
    (9 87 104) (9 87 87) (9 87 106) (37) (9 108 107) (9 8 87) (9 9 98)
    (9 10 10) (9 9 112) (9 12 11) (9 9 114) (9 10 9) (9 9 116) (9 31 29)
    (9 89 75) (44 89 74) (9 120 119) (9 44 117) (9 12 9) (9 103 87)
    (9 86 124) (9 70 71) (9 74 75) (9 18 18) (9 18 128) (9 61 61)
    (9 61 130) (59 6) (9 132 74) (9 89 87) (9 91 134) (9 87 130) (9 8 132)
    (9 87 75) (9 20 138) (9 58 50) (9 62 55) (9 45 45) (9 17 142)
    (9 100 89) (9 9 39) (9 9 145) (9 8 146) (9 10 147) (9 9 41) (9 9 149)
    (9 8 150) (9 10 151) (9 8 41) (9 10 153) (9 8 71) (9 7 155) (9 25 156)
    (9 137 157) (9 9 8) (9 9 70) (9 17 9) (9 15 9) (9 20 9) (9 20 20)
    (9 43 164) (9 20 120) (9 22 120) (9 22 25) (9 22 137) (9 70 8))
   (term-table ("bb" 8) ("bs" 8) ("c" 9) ("ck" 9) ("i" 9) ("input" 10)
    ("j" 9) ("k" 9) ("l" 12) ("n" 9) ("ns" 15) ("old" 17) ("p1" 18)
    ("p2" 18) ("res" 19) ("s" 17) ("s" 20) ("s" 22) ("s'" 20) ("s2" 20)
    ("sa" 17) ("sb" 17) ("x" 9) (8 24) (8 26) (8 28) (8 30) (8 32) (8 34)
    (8 36) (8 38) (8 40) (8 42) (10 44) (11 47) (11 52) (11 57) (11 60)
    (11 64) (15 44) (16 66) (17 9) (18 67) (19 67) (20 66) (20 68) (20 69)
    (20 67) (20 73) (20 77) (20 79) (20 81) (20 83) (20 85) (22 66) (23 26)
    (23 40) (24 86) (26 92) (30 43) (31 43) (32 94) (34 97) (35 99)
    (35 102) (35 105) (36 109) (38 110) (39 111) (39 113) (40 115) (40 117)
    (41 118) (42 44) (43 121) (45 122) (46 44) (47 123) (47 116) (48 108)
    (49 106) (50 91) (51 100) (51 103) (52 49) (52 54) (53 43) (54 125)
    (55 126) (55 127) (56 43) (57 129) (57 131) (58 133) (60 135) (61 136)
    (62 137) (63 9) (64 139) (65 140) (65 141) (66 143) (67 144) (68 61)
    (69 148) (69 152) (70 61) (71 154) (72 158) (73 44) (74 159) (74 160)
    (75 41) (76 161) (76 162) (76 163) (77 165) (78 166) (78 167) (79 168)
    (80 169) (81 61) (82 170) (83 96) (84 65))) exports (nil) (nil)
  ((99
    (((79 0) (14 265) (5 25 52 56 58 63 105 125) (87 6 140 144 663))
     "DISK_THM") (2 0 1 59 114 115 116 117 118 119 120 121 122 123 124)
    ("%22$0%97U59U59U59U59U59U59U59U60U86B42$0U111U122$0U110B45B54|U27"))
   (100 (((79 6))) (1 0 1 140 114 115 116 117 118 119 120 121 122 123 124)
    ("%5%1%17$2$1B107$0@%6$0$3U78B42$1U120$1U119B108$1U112@$2$0U110B123@$0$3B71U111U88B48B54|U27B44|U32|U24|U26"))
   (101
    (((79 12) (14 265 267) (5 25 31 50 52 54 56 58 63 105 125 130 149)
      (56 13 21) (79 5 8 9 11) (125 3 6) (19 7 119) (16 22)
      (8 4 24 66 145 168 191 200) (87 110 114 144)) "DISK_THM")
    (2 0 1 304 114 115 116 117 118 119 120 121 122 123 124)
    ("%5%1B104%2@%4@%16@%4%5U78B42%16U115%41B47U124B40B40%19%106%16B38U100%106$0B38U100B52%5%1B104%2%4%5B71B109@%4%97U59U86B33@$0@$0U115%16U115%97U59U86B39B47B40B40|U56B54"))
   (102
    (((79 14) (14 26 29 147 241) (5 25 50 52 58 63 105 125) (7 261)
      (79 13)) "DISK_THM")
    (2 0 1 395 114 115 116 117 118 119 120 121 122 123 124)
    ("%5%1B104%41@%41@%16@%5U78%16U115B43B40%18%106%16B38U100%85$0B36B52$0U117%97U60U59U59U60U59U59U86U61%82B64U102B74%109%41B75%5@U110U96U93U89B49B40|U56B54"))
   (103
    (((79 13)
      (14 1 2 3 4 5 7 8 26 28 29 30 31 49 54 68 86 93 115 214 215 218 219
       222 241 330)
      (5 14 25 26 27 29 31 35 42 50 51 52 54 56 58 63 64 93 96 101 104 105
       125 130 145 149 173) (56 21)
      (126 31 32 35 36 37 42 53 55 57 59 61 63 65 66 67 68 69 76 81 82)
      (7 31 274) (79 1 5 7 9 12) (6 9) (125 9 32 33) (19 7 119) (16 4)
      (8 4 24 168 191 200) (127 1 3 5 6 7 11 12 13 15) (87 144))
     "DISK_THM") (2 0 1 343 114 115 116 117 118 119 120 121 122 123 124)
    ("%7%5%1%2%4%16$4$3B104$2@$1@$0@$4U78$1B39$5B43$4U78$1B39$0U115B43B40B40%18%106$1B38U100%85$0B36B52$0U117%97U60U59U59U60U59U59U86U61%82B64U102B74%109$3B75$2$5B69@U110U96U93U89B49B40|U56B54|U31|U27|U27|U24|U26|U27"))
   (104 (((79 5))) (1 0 1 128 114 115 116 117 118 119 120 121 122 123 124)
    ("%106%79%81%97U60U59U60U59U60U59U86U61%82B64U102B94B66%81%97U60U59U60U60U59U60U86U61%97U60U59U59U60U60U59U86U61%97U60U59U60U60U60U60U86U61%82B64B64B64U102B94@%103B95B53"))
   (105 (((79 7))) (1 0 1 153 114 115 116 117 118 119 120 121 122 123 124)
    ("%5%1%2%4%17$4$3B105$2@$1@$0@$0U118%97U60U59U59U60U59U59U86U61%82B64U102B74$2U110U96U93U89B49$0U118%97U60U59U60U59U60U59U86U61%82B64U102B74$1U110U96U93U89B49$0U118%97U60U59U60U60U59U60U86U61%97U60U59U59U60U60U59U86U61%97U60U59U60U60U60U60U86U61%82B64B64B64U102B74$4U78U110U96U93U89B49$0U118%97U60U59U59U59U60U60U86U61%97U60U59U59U59U60U59U86U61%97U60U60U59U60U59U59U86U61%97U60U59U59U60U60U59U86U61%82B64B64B64B64U102B74$3U96U93U89B49%0$1U118%97U60U59U59U59U60U60U86U61%82B64U102B74$0U96U93U89B49|U55$4$3B107$0@$2%97U59U59U59U59U59U59U59U59U86B43$1$4U78B43$4U78%97U60U86%97U59U59U59U59U59U59U86B73B42%22$0%97U59U59U59U59U59U59U59U60U86B42|$4B72B40B40B40B40B40B40B40B40B40B44|U32|U27|U27|U24|U26"))
   (106
    (((79 8) (5 25 35 50 52 56 58 63 105 125) (79 6 7) (125 9 32 33)
      (19 119) (8 66 191 200) (87 144)) "DISK_THM")
    (2 0 1 168 114 115 116 117 118 119 120 121 122 123 124)
    ("%5%1B104%2@%4@%16@%5%1B104%2@%4@%3U76%16B116@B54"))
   (107 (((79 4))) (1 0 1 119 114 115 116 117 118 119 120 121 122 123 124)
    ("%103%81%97U60U59U59U59U60U60U86U61%82B64U102B58%57%81%97U60U59U59U59U60U60U86U61%97U60U59U59U59U60U59U86U61%97U60U60U59U60U59U59U86U61%97U60U59U59U60U60U59U86U61%82B64B64B64B64U102B94%81%97U60U59U60U59U60U59U86U61%82B64U102B94%83B65B65B87U80@%121%81%97U60U59U60U59U60U59U86U61%82B64U102B58%57%81%97U60U59U60U59U60U59U86U61%82B64U102B94%97U59U86U110U67%83B65B65B87@B92B92B53"))
   (108
    (((79 2) (14 1 2 3 4 5 7 8 28 29 49 54 93 115 215 222)
      (5 25 31 35 50 54 56 58 63 64 96 101 104 105 125 130 149) (56 13)
      (126 31 32 35 36 37 42 53 55 57 59 61 63 65 66 67 68 69 76) (16 4)
      (8 66 71 146)) "DISK_THM")
    (2 0 1 80 114 115 116 117 118 119 120 121 122 123 124)
    ("%11%14%10$0U114$2U113B43$2$1$0B34B101$1$0B34B50B54|U30|U23|U29"))
   (109
    (((79 11) (14 1 2 3 4 5 7 8 26 28 29 31 49 54 93 115 215 218 222)
      (31 34)
      (5 14 25 31 35 50 52 54 56 58 63 64 96 101 104 105 125 130 141 149
       173) (56 13 24)
      (126 31 32 35 36 37 42 53 55 57 59 61 63 65 66 67 68 69 76 81 82)
      (52 80) (7 26 30 32 89 606 719 720) (79 3 4 6 7 10) (85 1 3 7)
      (128 6) (36 219) (125 3 6 7 9 32 33) (19 7 14 49 119) (16 4 65)
      (8 4 24 66 67 112 128 138 142 149 168 191 200) (40 3 9 35) (129 157)
      (87 144 156 328)) "DISK_THM")
    (2 0 1 219 114 115 116 117 118 119 120 121 122 123 124)
    ("%5%1B104%2@%4@%16@%4%5U78B42B40%19%103%16B38U100%85$0B36B52$0U115%16U115B47%5%1B104%2%4%5B71B109@%4%97U59U86B33@$0@B40B40|U56B54"))
   (110
    (((79 9) (14 117) (31 328) (5 25 50 56 58 63 105 130) (79 7) (85 4)
      (125 9 32 33) (19 7 119) (16 65) (8 4 24 128 191 200)) "DISK_THM")
    (2 0 1 178 114 115 116 117 118 119 120 121 122 123 124)
    ("%5%1B104%2@%4@%16@%16%79%81%97U60U59U60U59U60U59U86U61%82B64U102B94B66%81%97U60U59U60U60U59U60U86U61%97U60U59U59U60U60U59U86U61%97U60U59U60U60U60U60U86U61%82B64B64B64U102B94@B98%4%5U78B42%97U59U86U110B62%41U110@U96U93U89B49B54"))
   (111
    (((79 10) (14 1 2 3 4 5 7 8 28 29 31 49 54 93 115 215 218 222) (31 34)
      (5 25 31 35 50 54 56 58 63 64 96 101 104 105 130 149)
      (126 31 32 35 36 37 42 53 55 57 59 61 63 65 66 67 68 69 76 81 82)
      (7 26 30 32 89 606) (79 0 6 7) (125 9 32 33) (19 7 14 49 119) (16 65)
      (8 4 24 128 191 200) (129 157) (87 144 325)) "DISK_THM")
    (2 0 1 195 114 115 116 117 118 119 120 121 122 123 124)
    ("%5%1B104%2@%4@%16@%4%5U78B42B40%16%57%81%97U60U59U59U59U60U60U86U61%97U60U59U59U59U60U59U86U61%97U60U60U59U60U59U59U86U61%97U60U59U59U60U60U59U86U61%82B64B64B64B64U102B94%81%97U60U59U60U59U60U59U86U61%82B64U102B94%83B65B65B87U80B98%4%5B71U110U96U93U89B49B54"))
   (112
    (((79 3) (5 25 31 50 56 58 105 130 149) (56 21) (16 4 22) (8 168))
     "DISK_THM") (2 0 1 92 114 115 116 117 118 119 120 121 122 123 124)
    ("%12%13%15%20%21$4$2B37U99%84$1B35B51$1U113$2U113B47$3$1B37U99%84$0B35B51B40B40$4$3B91$2B37U99%84$0B35B51B54|U29|U29|U29|U28|U28"))
   (113
    (((79 1) (14 45 87) (5 14 25 27 50 52 56 58 63 105 125)
      (7 18 25 61 163 250 261 720) (6 9) (24 6 7)) "DISK_THM")
    (2 0 1 71 114 115 116 117 118 119 120 121 122 123 124)
    ("%9%8$1$0U77B42$1$0B68$1$0B70$1U90$0B68B63B46B54|U25|U27"))))
 (incorporate (incorporate-types) incorporate-consts ("memRel" . 154)
  ("machineLoop" . 61) ("loopInv" . 152) ("loopBody" . 61))
 (loadable-thydata
  ("userdef.deltas" (tag-knm 79 . 107) (tag-knm 79 . 107)
   (tag-knm 79 . 104) (tag-knm 79 . 104) (tag-knm 79 . 100)
   (tag-knm 79 . 100) (tag-knm 79 . 105) (tag-knm 79 . 105))
  ("grammardelta" (OO "loopBody" (tag-tm . "%103"))
   (OO "machineLoop" (tag-tm . "%106")) (OO "memRel" (tag-tm . "%107"))
   (OO "loopInv" (tag-tm . "%105")))
  ("compute" (tag-knm 79 . 107) (tag-knm 79 . 104) (tag-knm 79 . 100)
   (tag-knm 79 . 105))))
