(theory
 ("machineStepLinkA"
  ("panSem" . "79e6e98aac69d1574b74d95d3734980584c4a5ce"))
 (core-data
  (tables
   (string-table "num" "panSem" "state" "fcp" "bit0" "one" "bool" "!" "min"
    "fun" "arithmetic" "+" "pair" "," "prod" "option" "result" "panLang"
    "prog" "/\\" "0" "prim_rec" "<" "<=" "=" "v" "==>" "?" "asm" "Add"
    "binop" "Assign" "exp" "mlstring" "varkind" "BIT1" "BIT2" "string"
    "CHR" "char" "COND" "cart" "list" "CONS" "Cmp" "cmp" "Const" "EXP"
    "finite_map" "FLOOKUP" "fmap" "If" "Less" "Local" "NIL" "NONE"
    "NUMERAL" "Op" "SOME" "Val" "word_lab" "Var" "Word" "ZERO" "eval"
    "evaluate" "implode" "machineStepLinkA" "mRel" "mstep" "words" "n2w"
    "recordtype.state.seldef.locals" "set_var" "stepBody" "word_lt"
    "stepBody_refines_step" "stepBody_def" "signed_lt_n2w64" "mstep_le"
    "mstep_def" "mRel_def" "evaluate_stepBody" "eval_class_guard"
    "eval_cap_guard" "combin" "numeral" "sat" "" "Users" "ember" "dev"
    "DreggNet" "docs" "engine" "probes" "compiler" "hol-c2"
    "machineStepLinkAScript.sml" "bit" "cv" "numeral_bit" "wordLang"
    "logroot" "reduce" "misc")
   (id-table (0 . 0) (1 . 2) (3 . 4) (5 . 5) (6 . 7) (8 . 9) (8 . 6)
    (10 . 11) (12 . 13) (12 . 14) (15 . 15) (1 . 16) (17 . 18) (6 . 19)
    (0 . 20) (21 . 22) (10 . 23) (8 . 24) (1 . 25) (8 . 26) (6 . 27)
    (28 . 29) (28 . 30) (17 . 31) (17 . 32) (33 . 33) (17 . 34) (10 . 35)
    (10 . 36) (37 . 38) (37 . 39) (6 . 40) (3 . 41) (42 . 43) (42 . 42)
    (17 . 44) (28 . 45) (17 . 46) (10 . 47) (48 . 49) (48 . 50) (17 . 51)
    (28 . 52) (17 . 53) (42 . 54) (15 . 55) (10 . 56) (17 . 57) (15 . 58)
    (1 . 59) (1 . 60) (17 . 61) (1 . 62) (10 . 63) (1 . 64) (1 . 65)
    (33 . 66) (67 . 68) (67 . 69) (70 . 71) (1 . 72) (1 . 73) (67 . 74)
    (70 . 75))
   (type-table (0) "'a" (3) (2 2) (2 3) (2 4) (2 5) (2 6) (2 7) (1 8 1)
    "'ffi" (1 8 10) (6) (5 0 12) (5 13 12) (5 11 12) (5 15 12) (5 0 0)
    (5 0 17) (11 8) (10 19) (9 20 9) (5 9 21) (5 20 22) (12 8) (9 24 9)
    (5 9 25) (5 24 26) (5 12 12) (5 12 28) (5 0 13) (18 8) (10 31)
    (5 32 12) (5 32 33) (5 21 12) (5 21 35) (5 24 12) (5 24 37) (5 9 12)
    (5 39 12) (22) (24 8) (5 42 24) (25) (5 44 43) (26) (5 46 45) (30)
    (5 0 48) (32 12 8) (5 50 50) (5 50 51) (5 12 52) (5 12 18) (34 48)
    (5 55 55) (5 48 56) (34 42) (5 58 58) (5 42 59) (5 42 42) (5 42 61)
    (36) (5 63 62) (5 50 42) (5 44 32) (40 44 31) (5 67 66) (5 24 24)
    (5 24 69) (5 42 70) (5 58 42) (5 41 72) (5 31 32) (50 8) (5 75 31)
    (5 44 42) (5 46 77) (5 50 75) (5 42 32) (5 9 80) (5 25 21) (5 55 44)
    (5 0 39) (5 0 84) (5 0 15) (5 0 86) (5 0 50) (5 9 67) (5 11 67) (5 9 9)
    (5 31 91) (5 44 92) (5 50 12) (5 50 94))
   (term-table ("b" 0) ("c" 0) ("s" 9) ("s" 11) ("s'" 9) ("x" 0) ("y" 0)
    (4 14) (4 16) (7 18) (8 23) (8 27) (13 29) (14 0) (15 30) (16 30)
    (17 29) (17 30) (17 34) (17 36) (17 38) (19 29) (20 40) (21 41) (23 47)
    (27 17) (28 17) (29 49) (31 53) (31 54) (33 57) (33 60) (35 64) (37 65)
    (38 18) (39 68) (41 71) (42 63) (43 46) (44 55) (44 58) (45 20) (46 17)
    (47 73) (48 74) (49 76) (51 78) (52 79) (53 0) (54 81) (55 82) (56 83)
    (57 85) (57 87) (58 18) (59 88) (60 89) (60 90) (61 93) (62 24)
    (63 95))) exports (nil) (nil)
  ((76
    (((67 8) (6 25 26 50 52 54 56 58 63 105 125 130 145 149) (85 13)
      (48 80) (42 720) (67 1 3 7) (33 219) (86 3 6 7) (15 119) (12 4)
      (1 66 138 191 200) (87 1 3 5 6 7 11 13 14 15 17 18) (37 3) (70 144))
     "DISK_THM") (2 0 1 179 88 89 90 91 92 93 94 95 96 97 98)
    ("%1%0B52%2@%4%59%2B11U50%41$0B10B19$0U56%48U26U25U25U26U25U25U42U27%39B30U51B35%1%0B54U55U47U45U44B18%1%0B54%0B52$0@B12B12|U22B21"))
   (77 (((67 2))) (1 0 1 67 88 89 90 91 92 93 94 95 96 97 98)
    ("%59%37%38%48U26U25U25U25U26U26U42U27%39B30U51B46B32%48U25U25U25U25U25U25U26U42U55U33@%38%48U26U25U25U26U25U25U42U27%39B30U51B24%38%48U26U25U25U26U25U25U42U27%39B30U51B46@B36%37%38%48U26U25U25U26U25U25U42U27%39B30U51B46B32%48U25U25U25U25U25U25U25U25U42U55U33@%38%48U26U25U25U26U25U25U42U27%39B30U51B24%23%38%48U26U25U25U26U25U25U42U27%39B30U51B46%48U25U42U55U33%40B31B31B43@B36%38%48U26U25U25U26U25U25U42U27%39B30U51B24%48U25U25U25U25U25U25U25U25U42U55U33@3B20"))
   (78
    (((67 4) (10 1 2 3 4 5 7 8 49 54 68 93 115 215 222 265 358) (99 101)
      (6 14 25 31 35 50 51 54 56 58 63 64 96 101 104 105 125)
      (100 31 32 35 36 37 42 53 55 57 59 61 63 65 66 67 68 69 76 81 82)
      (86 3 7 9 15 16 32 33) (70 140 164 460 725 728)) "DISK_THM")
    (2 0 1 92 88 89 90 91 92 93 94 95 96 97 98)
    ("%5%6$1%48U26U42%48U25U25U25U25U25U25U42B34B14$0%48U26U42%48U25U25U25U25U25U25U42B34B14B12$1U55$0U55B60$1$0B14B16B21|U7|U7"))
   (79
    (((67 1) (10 1 2 3 4 5 7 8 29 49 54 68 93 115 215 218 222)
      (6 25 29 31 35 50 51 52 54 56 58 63 64 96 101 104 105 108 109 125)
      (100 31 32 35 36 37 42 53 55 57 59 61 63 65 66 67 68 69 76 81 82)
      (67 0) (87 1 3 5 6 7 11 12 13 15)) "DISK_THM")
    (2 0 1 52 88 89 90 91 92 93 94 95 96 97 98)
    ("%1%0$1%48U25U25U25U25U25U25U25U25U42B15$1$0B54%48U25U25U25U25U25U25U25U25U42B15B21|U7|U7"))
   (80 (((67 0))) (1 0 1 44 88 89 90 91 92 93 94 95 96 97 98)
    ("%1%0$1$0B54$0%48U25U25U25U25U25U25U26U42B14$1B29$1%48U25U25U25U25U25U25U25U25U42B14$1%48U25U42B9B29%48U25U25U25U25U25U25U25U25U42@2B17|U7|U7"))
   (81 (((67 3))) (1 0 1 81 88 89 90 91 92 93 94 95 96 97 98)
    ("%1%0%3$2$1B53$0@$0U57%48U26U25U25U26U25U25U42U27%39B30U51B35$2U55U47U45U44B18$0U57%48U26U25U25U25U26U26U42U27%39B30U51B35$1U55U47U45U44B18$2%48U25U25U25U25U25U25U25U25U42B15$1%48U25U25U25U25U25U25U25U26U42B14B12B12B12B16|U8|U7|U7"))
   (82
    (((67 7) (10 2 3 26 29 88 329) (28 34)
      (6 25 26 27 29 42 50 52 54 55 56 58 63 95 100 101 105 109 130 149)
      (42 26 30 32 606) (67 0 2 3 5 6) (86 21) (101 34) (15 7 14 49)
      (12 4 65) (1 4 24 112 128 142 149 168)
      (87 1 3 5 6 7 11 12 13 14 15 16 17 18 19 20 23) (102 157)
      (70 144 156 328 542 725)) "DISK_THM")
    (2 0 1 149 88 89 90 91 92 93 94 95 96 97 98)
    ("%1%0B52%2@%59%2B11U50%41%48U26U25U25U26U25U25U42U27%39B30U51%1%0B54U55U47U45B58%2@B10B19B21"))
   (83
    (((67 5) (10 1 2 3 4 5 7 8 49 54 68 93 115 123 215 222) (28 328)
      (6 8 14 25 31 35 50 54 56 58 63 64 96 101 104 105 130 149)
      (100 31 32 35 36 37 42 53 55 57 59 61 63 65 66 67 68 69 76 81 82)
      (103 30 39 87) (67 3 4) (86 0 3 5 6 7 9 17 21 32 33 34 35 39 40 41)
      (15 7 119) (12 65) (1 4 24 128 191 200) (104 1) (70 144)) "DISK_THM")
    (2 0 1 111 88 89 90 91 92 93 94 95 96 97 98)
    ("%1%0B52%2@%2%37%38%48U26U25U25U25U26U26U42U27%39B30U51B46B32%48U25U25U25U25U25U25U26U42U55U33@B49%0%48U25U25U25U25U25U25U26U42B14%48U25U42U55B28%13U55@U47U45U44B18B21"))
   (84
    (((67 6) (10 1 2 3 4 5 7 8 54 68 93 115 123 215) (28 328)
      (6 8 14 25 31 35 50 54 56 58 63 64 96 101 104 105 130 149) (85 21)
      (100 31 32 35 36 37 42 53 55 57 59 61 63 65 66 67 68 69 76 81 82)
      (103 30 39 86) (67 3 4) (105 340)
      (86 0 3 5 7 9 17 21 32 33 34 35 40 41) (15 7 119) (12 65)
      (1 4 24 128 191 200) (104 1) (70 144)) "DISK_THM")
    (2 0 1 126 88 89 90 91 92 93 94 95 96 97 98)
    ("%1%0B52%2@%2%37%38%48U26U25U25U26U25U25U42U27%39B30U51B46B32%48U25U25U25U25U25U25U25U25U42U55U33@B49%1%48U25U25U25U25U25U25U25U25U42B14%48U25U42U55B28%13U55@U47U45U44B18B21"))))
 (incorporate (incorporate-types) incorporate-consts ("stepBody" . 24)
  ("mstep" . 18) ("mRel" . 87))
 (loadable-thydata
  ("userdef.deltas" (tag-knm 67 . 80) (tag-knm 67 . 80) (tag-knm 67 . 77)
   (tag-knm 67 . 77) (tag-knm 67 . 81) (tag-knm 67 . 81))
  ("grammardelta" (OO "mstep" (tag-tm . "%54"))
   (OO "stepBody" (tag-tm . "%59")) (OO "mRel" (tag-tm . "%53")))
  ("compute" (tag-knm 67 . 80) (tag-knm 67 . 77) (tag-knm 67 . 81))))
